    file    |  1 thread | 2 threads | 4 threads | 6 threads
    gen10   |  0.00032  |  0.00048  |  0.00046  |  0.0677
    gen15   |   0.108   |   0.072   |   0.072   |  0.056
    gen19   |   1.42    |   0.85    |   0.70    |  0.58
    gen20   |   40.6    |   27.92   |   24.87   |  17.13
    gen22   |   76.01   |   56.72   |   39.25   |  35.73
    gen24   |   21.95   |   16.37   |   18.61   |  12.09
    gen26   |   39.56   |   24.80   |   19.12   |  15.11 
    gen30   |   123.35  |   86.88   |   62.64   |  45.37


    18.6545   18.763   18.9085  18.7646   18.5778
    